                                                                        [0m
                                                                        [0m
                                   [38;2;11;29;48m▄                                    [0m
                                  [38;2;13;28;44m[48;2;5;35;66m▀[38;2;3;37;73m[48;2;5;36;64m▀[38;2;9;31;52m[48;2;4;37;68m▀[38;2;14;27;40m▄                                  [0m
                                [38;2;12;29;47m▄[38;2;8;33;60m[48;2;4;36;70m▀[38;2;4;37;68m[48;2;5;37;66m▀[38;2;5;37;66m[48;2;5;36;66m▀[38;2;5;37;67m[48;2;5;36;65m▀[38;2;6;36;66m[48;2;5;38;69m▀[38;2;8;34;59m▄                                 [0m
                               [38;2;7;34;62m▄[38;2;5;37;70m[48;2;4;37;69m▀[38;2;5;37;67m[48;2;6;37;67m▀[38;2;5;37;68m[48;2;5;38;68m▀[38;2;5;37;67m[48;2;4;35;67m▀[38;2;5;37;68m[48;2;4;34;65m▀[38;2;5;37;66m[48;2;5;36;67m▀[38;2;4;38;70m[48;2;5;36;66m▀[38;2;12;30;49m[48;2;5;38;70m▀                                [0m
                              [38;2;13;29;48m[48;2;5;35;69m▀[38;2;4;36;70m[48;2;5;36;67m▀[38;2;5;37;66m[48;2;5;37;67m▀[38;2;5;38;69m[48;2;4;39;72m▀[38;2;5;35;67m[48;2;8;29;54m▀[38;2;8;55;90m[48;2;17;51;68m▀[38;2;3;49;88m[48;2;2;116;187m▀[38;2;4;34;64m[48;2;3;31;62m▀[38;2;4;38;68m[48;2;4;37;67m▀[38;2;5;37;68m[48;2;5;37;67m▀[38;2;7;35;63m[48;2;4;38;71m▀[38;2;11;32;55m▄                              [0m
                            [38;2;12;29;47m▄[38;2;8;34;60m[48;2;4;38;70m▀[38;2;4;37;68m[48;2;5;37;64m▀[38;2;5;36;66m[48;2;5;36;65m▀[38;2;5;37;67m[48;2;4;37;69m▀[38;2;5;40;74m[48;2;11;32;54m▀  [38;2;2;152;233m[48;2;6;128;194m▀[38;2;1;87;146m[48;2;2;165;248m▀[38;2;3;29;57m[48;2;2;53;93m▀[38;2;4;41;73m[48;2;4;31;59m▀[38;2;5;38;68m[48;2;5;38;68m▀[38;2;4;40;73m[48;2;4;37;67m▀[38;2;14;28;42m[48;2;5;37;67m▀                             [0m
                           [38;2;8;33;60m▄[38;2;5;36;67m[48;2;4;36;68m▀[38;2;5;37;66m[48;2;5;37;66m▀[38;2;5;37;68m[48;2;5;37;67m▀[38;2;5;38;70m[48;2;5;39;73m▀[38;2;8;36;66m[48;2;15;28;40m▀  [38;2;21;10;5m▄[38;2;9;101;150m[48;2;11;87;123m▀[38;2;0;175;255m[48;2;0;170;255m▀[38;2;1;135;205m[48;2;1;171;255m▀[38;2;4;38;69m[48;2;3;107;168m▀[38;2;4;39;70m[48;2;4;30;60m▀[38;2;5;38;69m[48;2;4;40;71m▀[38;2;4;38;70m[48;2;5;36;66m▀[38;2;8;33;59m[48;2;3;36;70m▀[38;2;12;29;46m▄   [38;2;7;35;65m▄[38;2;13;28;45m▄                      [0m
                   [38;2;14;27;42m▄[38;2;11;31;53m▄     [38;2;13;29;46m[48;2;6;37;69m▀[38;2;4;37;70m[48;2;5;36;66m▀[38;2;5;36;66m[48;2;5;37;66m▀[38;2;5;37;66m[48;2;5;37;68m▀[38;2;4;38;70m[48;2;7;38;69m▀[38;2;11;33;55m▀    [38;2;15;61;83m[48;2;18;36;45m▀[38;2;0;171;254m[48;2;1;157;236m▀[38;2;0;163;245m[48;2;0;166;250m▀[38;2;1;169;249m[48;2;1;170;252m▀[38;2;2;69;114m[48;2;2;154;229m▀[38;2;4;29;56m[48;2;3;47;84m▀[38;2;4;39;70m[48;2;5;37;69m▀[38;2;4;37;68m[48;2;5;39;70m▀[38;2;5;38;70m[48;2;3;38;69m▀[38;2;7;35;62m▄[38;2;8;34;61m▄[38;2;8;35;63m[48;2;5;38;70m▀[38;2;4;37;71m[48;2;5;37;66m▀[38;2;5;36;67m[48;2;5;38;69m▀[38;2;9;33;59m▄                     [0m
                  [38;2;9;33;57m▄[38;2;6;35;65m[48;2;4;36;69m▀[38;2;4;36;71m[48;2;4;34;68m▀[38;2;15;26;38m[48;2;6;35;65m▀  [38;2;13;29;45m▄[38;2;9;33;59m[48;2;4;38;73m▀[38;2;5;37;71m[48;2;5;37;68m▀[38;2;6;37;67m[48;2;5;37;67m▀[38;2;6;37;66m[48;2;4;38;70m▀[38;2;4;38;70m[48;2;10;32;56m▀[38;2;14;28;42m▀      [38;2;4;141;210m[48;2;8;112;165m▀[38;2;0;173;255m[48;2;0;175;255m▀[38;2;0;164;245m[48;2;0;165;245m▀[38;2;1;174;255m[48;2;0;163;246m▀[38;2;2;123;188m[48;2;0;172;255m▀[38;2;4;32;62m[48;2;2;86;137m▀[38;2;4;38;70m[48;2;4;27;55m▀[38;2;4;37;68m[48;2;4;40;71m▀[38;2;4;38;69m[48;2;5;38;67m▀[38;2;5;38;69m[48;2;5;38;69m▀[38;2;6;37;66m[48;2;5;38;69m▀[38;2;6;38;67m[48;2;6;38;70m▀[38;2;6;37;67m[48;2;6;38;69m▀[38;2;3;37;70m[48;2;5;37;67m▀[38;2;13;29;46m[48;2;5;36;68m▀                    [0m
                 [38;2;14;29;44m[48;2;6;36;67m▀[38;2;4;38;71m[48;2;5;37;68m▀[38;2;5;37;67m[48;2;6;38;68m▀[38;2;5;37;67m[48;2;5;38;68m▀[38;2;4;38;70m[48;2;5;37;68m▀[38;2;9;32;55m[48;2;5;36;68m▀[38;2;6;36;66m▄[38;2;5;37;68m[48;2;4;38;68m▀[38;2;5;38;68m[48;2;5;38;68m▀[38;2;5;38;68m[48;2;6;38;68m▀[38;2;5;38;68m[48;2;5;40;73m▀[38;2;6;38;68m[48;2;14;29;45m▀        [38;2;13;69;97m▀[38;2;0;171;255m[48;2;3;142;213m▀[38;2;0;162;245m[48;2;0;168;253m▀[38;2;0;165;247m[48;2;0;165;247m▀[38;2;0;167;249m[48;2;0;165;247m▀[38;2;1;162;241m[48;2;1;172;255m▀[38;2;3;58;99m[48;2;1;142;213m▀[38;2;4;33;64m[48;2;3;36;68m▀[38;2;5;39;71m[48;2;4;35;65m▀[38;2;5;38;68m[48;2;4;38;69m▀[38;2;5;38;69m[48;2;5;36;66m▀[38;2;5;38;69m[48;2;4;36;68m▀[38;2;5;38;70m[48;2;5;36;66m▀[38;2;5;37;67m[48;2;4;37;67m▀[38;2;4;37;68m[48;2;5;37;66m▀[38;2;7;34;61m[48;2;4;38;71m▀[38;2;12;32;52m▄                  [0m
               [38;2;14;28;43m▄[38;2;10;32;55m[48;2;4;37;70m▀[38;2;5;37;69m[48;2;6;36;67m▀[38;2;6;37;66m[48;2;5;37;67m▀[38;2;5;38;67m[48;2;5;37;68m▀[38;2;6;37;68m[48;2;5;38;68m▀[38;2;5;38;69m[48;2;5;37;68m▀[38;2;4;37;68m[48;2;5;38;68m▀[38;2;5;38;69m[48;2;5;37;67m▀[38;2;5;38;68m[48;2;5;37;68m▀[38;2;6;37;68m[48;2;5;38;69m▀[38;2;5;39;72m[48;2;6;38;69m▀[38;2;9;35;60m▀          [38;2;13;73;103m▀[38;2;0;170;255m[48;2;5;132;198m▀[38;2;0;163;245m[48;2;0;170;254m▀[38;2;0;166;249m[48;2;0;165;247m▀[38;2;0;163;246m[48;2;0;167;250m▀[38;2;1;174;255m[48;2;2;166;249m▀[38;2;2;104;161m[48;2;1;171;252m▀[38;2;3;30;60m[48;2;1;72;119m▀[38;2;4;39;73m[48;2;4;36;67m▀[38;2;3;49;90m[48;2;1;135;208m▀[38;2;5;137;203m[48;2;1;177;255m▀[38;2;4;61;103m[48;2;1;129;196m▀[38;2;4;33;63m[48;2;4;32;63m▀[38;2;5;39;69m[48;2;4;38;70m▀[38;2;4;37;67m[48;2;5;37;68m▀[38;2;5;37;69m[48;2;5;38;69m▀[38;2;16;26;37m[48;2;8;36;65m▀                 [0m
              [38;2;9;33;58m▄[38;2;6;36;68m[48;2;4;38;69m▀[38;2;5;37;67m[48;2;5;36;65m▀[38;2;5;36;67m[48;2;5;36;66m▀[38;2;5;37;67m[48;2;4;36;66m▀[38;2;5;37;67m[48;2;5;37;67m▀[38;2;5;37;67m[48;2;5;37;67m▀[38;2;5;37;68m[48;2;5;37;68m▀[38;2;5;37;67m[48;2;5;37;68m▀[38;2;5;37;67m[48;2;6;37;67m▀[38;2;5;37;67m[48;2;5;38;70m▀[38;2;4;38;72m[48;2;8;35;62m▀[38;2;13;29;46m▀    [38;2;14;28;40m▄[38;2;11;32;54m▄      [38;2;15;58;79m▀[38;2;0;169;253m[48;2;8;111;165m▀[38;2;0;164;247m[48;2;0;174;255m▀[38;2;0;167;249m[48;2;0;165;245m▀[38;2;0;165;249m[48;2;0;168;251m▀[38;2;0;170;253m[48;2;0;166;250m▀[38;2;1;145;216m[48;2;0;168;253m▀[38;2;2;124;187m[48;2;0;172;255m▀[38;2;0;173;255m[48;2;0;167;249m▀[38;2;0;163;244m[48;2;0;169;250m▀[38;2;1;175;255m[48;2;1;169;250m▀[38;2;2;94;149m[48;2;1;165;242m▀[38;2;4;29;57m[48;2;3;56;96m▀[38;2;4;40;70m[48;2;4;33;62m▀[38;2;5;37;67m[48;2;5;39;71m▀[38;2;5;38;71m[48;2;5;38;68m▀[38;2;11;33;55m[48;2;5;39;72m▀[38;2;15;28;41m▄               [0m
             [38;2;14;27;43m[48;2;6;35;67m▀[38;2;4;37;70m[48;2;5;37;67m▀[38;2;5;37;66m[48;2;6;37;67m▀[38;2;5;37;67m[48;2;5;37;67m▀[38;2;5;37;66m[48;2;5;37;67m▀[38;2;5;37;67m[48;2;5;37;67m▀[38;2;5;37;67m[48;2;5;37;67m▀[38;2;5;37;67m[48;2;5;37;67m▀[38;2;5;36;67m[48;2;5;37;67m▀[38;2;5;37;68m[48;2;5;37;66m▀[38;2;5;37;67m[48;2;4;38;70m▀[38;2;5;38;70m[48;2;12;29;47m▀   [38;2;14;28;42m▄[38;2;6;37;69m▄[38;2;10;32;56m[48;2;4;37;72m▀[38;2;4;38;72m[48;2;5;36;67m▀[38;2;3;38;74m[48;2;5;36;66m▀[38;2;9;33;59m[48;2;4;37;71m▀[38;2;9;33;58m▄     [38;2;19;30;36m▀[38;2;3;151;224m[48;2;15;62;87m▀[38;2;0;169;252m[48;2;0;170;253m▀[38;2;0;165;247m[48;2;0;165;246m▀[38;2;0;167;250m[48;2;0;167;248m▀[38;2;0;165;249m[48;2;0;167;250m▀[38;2;0;166;249m[48;2;0;168;251m▀[38;2;0;167;251m[48;2;0;167;251m▀[38;2;0;168;251m[48;2;0;168;251m▀[38;2;0;167;248m[48;2;0;170;250m▀[38;2;1;174;255m[48;2;0;167;248m▀[38;2;2;140;209m[48;2;2;177;255m▀[38;2;4;36;69m[48;2;2;100;155m▀[38;2;5;39;70m[48;2;4;30;59m▀[38;2;5;38;68m[48;2;5;40;72m▀[38;2;5;38;68m[48;2;6;36;66m▀[38;2;7;37;67m[48;2;5;38;71m▀[38;2;10;33;56m▄              [0m
           [38;2;14;30;45m▄[38;2;10;34;59m[48;2;5;39;72m▀[38;2;4;38;71m[48;2;5;37;67m▀[38;2;5;37;67m[48;2;5;38;68m▀[38;2;5;37;67m[48;2;5;37;67m▀[38;2;5;37;68m[48;2;5;37;67m▀[38;2;5;37;68m[48;2;5;37;66m▀[38;2;5;36;67m[48;2;5;36;67m▀[38;2;5;37;66m[48;2;4;37;70m▀[38;2;5;36;67m[48;2;6;37;68m▀[38;2;5;38;70m[48;2;10;33;57m▀[38;2;5;38;72m▀[38;2;10;32;55m▀ [38;2;12;30;51m▄[38;2;6;38;70m▄[38;2;9;34;60m[48;2;5;38;70m▀[38;2;4;38;72m[48;2;5;37;67m▀[38;2;5;37;68m[48;2;5;36;67m▀[38;2;5;37;67m[48;2;5;37;67m▀[38;2;5;37;66m[48;2;5;37;68m▀[38;2;4;37;67m[48;2;5;37;68m▀[38;2;5;38;68m[48;2;5;38;69m▀[38;2;5;39;72m[48;2;5;38;68m▀[38;2;8;36;63m[48;2;5;39;71m▀[38;2;7;36;66m▄     [38;2;10;94;135m▀[38;2;0;177;255m[48;2;6;127;187m▀[38;2;0;165;246m[48;2;0;176;255m▀[38;2;0;167;249m[48;2;1;163;243m▀[38;2;0;167;250m[48;2;0;167;249m▀[38;2;0;167;250m[48;2;0;167;250m▀[38;2;0;167;250m[48;2;0;167;250m▀[38;2;0;169;249m[48;2;0;167;250m▀[38;2;0;168;249m[48;2;0;167;250m▀[38;2;0;168;249m[48;2;0;166;249m▀[38;2;1;170;247m[48;2;1;172;255m▀[38;2;3;68;111m[48;2;2;148;219m▀[38;2;5;32;62m[48;2;4;41;75m▀[38;2;5;40;72m[48;2;5;37;67m▀[38;2;5;38;68m[48;2;5;38;68m▀[38;2;5;38;72m[48;2;4;37;68m▀[38;2;14;28;43m[48;2;5;37;67m▀             [0m
          [38;2;9;34;59m▄[38;2;7;37;68m[48;2;5;38;69m▀[38;2;5;38;68m[48;2;6;38;67m▀[38;2;5;37;67m[48;2;5;37;68m▀[38;2;5;38;67m[48;2;6;37;68m▀[38;2;5;37;67m[48;2;5;38;70m▀[38;2;5;38;67m[48;2;6;38;71m▀[38;2;4;38;70m[48;2;12;31;50m▀[38;2;6;36;65m▀[38;2;11;30;49m▀ [38;2;14;28;44m▄[38;2;7;34;63m▄[38;2;14;28;44m[48;2;4;38;71m▀[38;2;7;35;66m[48;2;5;37;68m▀[38;2;4;37;72m[48;2;5;36;66m▀[38;2;6;37;68m[48;2;5;37;68m▀[38;2;5;37;67m[48;2;5;37;68m▀[38;2;5;37;68m[48;2;4;37;67m▀[38;2;5;37;67m[48;2;5;37;68m▀[38;2;5;37;67m[48;2;5;37;69m▀[38;2;5;37;68m[48;2;5;37;70m▀[38;2;5;37;68m[48;2;5;37;69m▀[38;2;5;38;68m[48;2;5;38;68m▀[38;2;5;38;69m[48;2;5;38;68m▀[38;2;5;37;67m[48;2;5;38;68m▀[38;2;4;37;69m[48;2;5;38;67m▀[38;2;6;36;67m[48;2;5;38;68m▀[38;2;15;27;38m[48;2;5;39;72m▀[38;2;11;32;53m▄    [38;2;4;140;208m[48;2;19;32;39m▀[38;2;0;172;255m[48;2;4;144;212m▀[38;2;0;163;244m[48;2;0;174;255m▀[38;2;0;167;249m[48;2;0;164;244m▀[38;2;0;168;250m[48;2;0;168;250m▀[38;2;0;166;251m[48;2;0;166;250m▀[38;2;0;166;250m[48;2;0;165;250m▀[38;2;0;167;250m[48;2;0;166;250m▀[38;2;0;164;248m[48;2;0;167;250m▀[38;2;1;175;255m[48;2;0;166;249m▀[38;2;2;114;173m[48;2;1;174;253m▀[38;2;4;30;57m[48;2;3;78;125m▀[38;2;5;39;70m[48;2;5;30;59m▀[38;2;5;37;67m[48;2;5;40;72m▀[38;2;4;37;68m[48;2;5;37;67m▀[38;2;8;34;59m[48;2;4;38;70m▀[38;2;13;29;46m▄           [0m
         [38;2;14;30;46m[48;2;6;37;69m▀[38;2;5;38;71m[48;2;5;38;67m▀[38;2;5;37;67m[48;2;6;37;68m▀[38;2;5;38;68m[48;2;5;37;67m▀[38;2;6;37;67m[48;2;5;38;69m▀[38;2;5;39;70m[48;2;8;35;62m▀[38;2;8;37;66m▀  [38;2;14;28;43m▄[38;2;5;37;69m▄[38;2;8;35;63m[48;2;5;37;69m▀[38;2;4;37;71m[48;2;8;39;69m▀[38;2;4;36;67m[48;2;8;40;70m▀[38;2;5;37;66m[48;2;6;38;68m▀[38;2;5;36;67m[48;2;5;36;67m▀[38;2;4;36;67m[48;2;5;37;67m▀[38;2;5;37;67m[48;2;5;37;67m▀[38;2;5;37;67m[48;2;5;37;67m▀[38;2;5;37;67m[48;2;5;38;68m▀[38;2;5;37;68m[48;2;5;38;69m▀[38;2;5;37;70m[48;2;5;37;70m▀[38;2;5;37;70m[48;2;5;37;70m▀[38;2;5;37;69m[48;2;5;37;70m▀[38;2;5;37;68m[48;2;5;37;68m▀[38;2;6;38;68m[48;2;4;37;68m▀[38;2;5;38;68m[48;2;5;37;68m▀[38;2;5;38;69m[48;2;5;38;69m▀[38;2;5;38;68m[48;2;5;38;68m▀[38;2;5;37;67m[48;2;4;37;68m▀[38;2;4;38;72m[48;2;5;37;67m▀[38;2;8;34;59m[48;2;4;37;69m▀[38;2;5;36;68m▄[38;2;14;30;46m▄  [38;2;18;33;40m▀[38;2;4;140;205m▀[38;2;0;177;255m[48;2;8;117;168m▀[38;2;0;164;246m[48;2;0;176;255m▀[38;2;0;165;248m[48;2;0;171;254m▀[38;2;0;167;250m[48;2;1;167;247m▀[38;2;0;167;250m[48;2;0;168;251m▀[38;2;0;168;251m[48;2;0;168;251m▀[38;2;0;166;249m[48;2;0;167;251m▀[38;2;0;171;252m[48;2;0;166;247m▀[38;2;2;156;231m[48;2;0;175;255m▀[38;2;4;48;85m[48;2;2;127;191m▀[38;2;4;35;65m[48;2;4;31;60m▀[38;2;5;38;69m[48;2;4;38;68m▀[38;2;5;36;66m[48;2;5;36;66m▀[38;2;5;36;67m[48;2;5;38;69m▀[38;2;9;35;60m▄          [0m
       [38;2;14;29;47m▄[38;2;10;34;61m[48;2;5;38;71m▀[38;2;5;38;70m[48;2;6;37;66m▀[38;2;5;37;67m[48;2;5;37;67m▀[38;2;5;38;67m[48;2;5;37;67m▀[38;2;5;38;69m[48;2;5;37;70m▀[38;2;7;36;64m▀   [38;2;15;27;40m[48;2;7;36;66m▀[38;2;5;39;72m[48;2;6;38;67m▀[38;2;5;38;68m[48;2;5;35;63m▀[38;2;6;39;69m[48;2;4;32;60m▀[38;2;0;28;60m[48;2;137;149;162m▀[38;2;0;27;58m[48;2;94;114;134m▀[38;2;6;38;68m[48;2;0;31;65m▀[38;2;7;39;69m[48;2;0;30;65m▀[38;2;5;37;68m[48;2;9;41;72m▀[38;2;5;37;68m[48;2;7;39;68m▀[38;2;5;37;67m[48;2;5;37;67m▀[38;2;5;37;67m[48;2;5;37;67m▀[38;2;6;38;68m[48;2;5;37;67m▀[38;2;5;37;68m[48;2;5;37;68m▀[38;2;5;37;70m[48;2;5;37;70m▀[38;2;5;37;70m[48;2;5;37;69m▀[38;2;5;37;70m[48;2;5;37;69m▀[38;2;5;37;68m[48;2;5;37;68m▀[38;2;5;38;68m[48;2;5;37;68m▀[38;2;5;38;70m[48;2;5;37;69m▀[38;2;5;37;70m[48;2;5;37;70m▀[38;2;5;38;68m[48;2;5;37;69m▀[38;2;4;37;68m[48;2;4;37;67m▀[38;2;5;36;66m[48;2;5;37;68m▀[38;2;4;36;66m[48;2;4;37;67m▀[38;2;4;37;70m[48;2;4;36;65m▀[38;2;8;34;60m[48;2;4;37;68m▀[38;2;5;37;68m▄[38;2;12;31;52m▄  [38;2;14;74;102m[48;2;22;10;4m▀[38;2;2;160;232m[48;2;18;34;43m▀[38;2;0;180;255m[48;2;9;111;157m▀[38;2;0;169;251m[48;2;1;170;248m▀[38;2;0;166;247m[48;2;0;177;255m▀[38;2;0;168;250m[48;2;0;167;251m▀[38;2;0;169;250m[48;2;0;166;246m▀[38;2;0;167;247m[48;2;0;168;248m▀[38;2;1;175;255m[48;2;1;171;251m▀[38;2;2;87;139m[48;2;2;165;241m▀[38;2;3;28;55m[48;2;3;56;96m▀[38;2;5;40;71m[48;2;5;33;62m▀[38;2;5;37;66m[48;2;5;38;68m▀[38;2;5;39;71m[48;2;5;36;65m▀[38;2;13;30;48m[48;2;5;36;67m▀         [0m
      [38;2;9;35;61m▄[38;2;6;37;70m[48;2;5;38;70m▀[38;2;5;37;68m[48;2;6;37;66m▀[38;2;5;37;67m[48;2;5;37;67m▀[38;2;5;37;67m[48;2;5;37;67m▀[38;2;4;37;70m[48;2;5;37;69m▀[38;2;11;32;54m▀   [38;2;14;29;46m[48;2;8;34;62m▀[38;2;5;37;70m[48;2;5;37;68m▀[38;2;7;37;66m[48;2;7;38;68m▀[38;2;5;37;68m[48;2;7;41;73m▀[38;2;10;42;71m[48;2;7;39;70m▀[38;2;227;229;232m[48;2;185;192;201m▀[38;2;255;255;255m[48;2;255;255;255m▀[38;2;182;191;202m[48;2;255;255;255m▀[38;2;59;82;107m[48;2;247;247;247m▀[38;2;0;23;53m[48;2;157;168;178m▀[38;2;0;30;60m[48;2;37;63;91m▀[38;2;9;41;71m[48;2;0;27;62m▀[38;2;6;39;69m[48;2;4;38;70m▀[38;2;5;38;68m[48;2;7;39;70m▀[38;2;5;37;68m[48;2;4;36;66m▀[38;2;5;36;68m[48;2;5;36;67m▀[38;2;5;37;69m[48;2;5;37;69m▀[38;2;5;37;69m[48;2;5;36;69m▀[38;2;5;37;69m[48;2;4;37;69m▀[38;2;4;37;68m[48;2;5;37;70m▀[38;2;5;37;69m[48;2;5;36;70m▀[38;2;5;37;70m[48;2;5;37;69m▀[38;2;5;37;70m[48;2;5;37;69m▀[38;2;5;37;68m[48;2;5;37;68m▀[38;2;4;37;67m[48;2;5;37;67m▀[38;2;4;37;67m[48;2;4;36;67m▀[38;2;4;36;66m[48;2;4;36;67m▀[38;2;5;36;66m[48;2;4;36;66m▀[38;2;4;37;67m[48;2;5;37;67m▀[38;2;4;38;71m[48;2;5;36;67m▀[38;2;6;36;67m[48;2;4;37;67m▀[38;2;12;30;48m[48;2;3;38;71m▀[38;2;5;36;66m▄[38;2;11;31;49m▄[38;2;22;10;5m▀[38;2;16;49;65m▀[38;2;7;119;172m▀[38;2;1;167;246m[48;2;17;47;60m▀[38;2;0;180;255m[48;2;9;109;154m▀[38;2;0;174;255m[48;2;3;159;231m▀[38;2;1;168;247m[48;2;0;177;255m▀[38;2;2;176;254m[48;2;0;170;254m▀[38;2;2;139;207m[48;2;0;175;255m▀[38;2;3;35;66m[48;2;1;101;156m▀[38;2;4;36;66m[48;2;3;28;56m▀[38;2;4;37;66m[48;2;4;40;71m▀[38;2;4;37;69m[48;2;5;37;67m▀[38;2;8;34;62m[48;2;4;37;70m▀[38;2;13;31;50m▄       [0m
     [38;2;14;30;46m[48;2;6;37;69m▀[38;2;5;39;72m[48;2;6;37;67m▀[38;2;6;38;67m[48;2;6;37;67m▀[38;2;5;37;67m[48;2;6;37;68m▀[38;2;6;37;67m[48;2;6;37;67m▀[38;2;5;38;70m[48;2;5;39;72m▀[38;2;8;35;61m[48;2;12;31;50m▀    [38;2;6;36;68m[48;2;5;36;69m▀[38;2;5;37;67m[48;2;5;36;66m▀[38;2;6;37;66m[48;2;5;36;65m▀[38;2;6;36;65m[48;2;5;37;66m▀[38;2;5;32;61m[48;2;6;38;68m▀[38;2;18;42;70m[48;2;4;36;67m▀[38;2;120;135;153m[48;2;0;27;62m▀[38;2;228;231;235m[48;2;32;60;90m▀[38;2;255;255;255m[48;2;148;159;171m▀[38;2;255;255;255m[48;2;231;233;236m▀[38;2;237;239;241m[48;2;250;249;251m▀[38;2;127;141;157m[48;2;255;255;255m▀[38;2;16;41;69m[48;2;212;216;221m▀[38;2;0;28;57m[48;2;41;67;93m▀[38;2;6;37;65m[48;2;2;33;67m▀[38;2;5;37;67m[48;2;7;40;71m▀[38;2;5;38;69m[48;2;5;37;67m▀[38;2;5;37;69m[48;2;5;36;66m▀[38;2;5;37;68m[48;2;5;37;67m▀[38;2;5;37;68m[48;2;5;37;66m▀[38;2;5;37;69m[48;2;5;37;67m▀[38;2;5;37;68m[48;2;6;38;68m▀[38;2;5;37;68m[48;2;5;38;68m▀[38;2;5;37;67m[48;2;6;38;69m▀[38;2;6;38;68m[48;2;5;37;68m▀[38;2;5;37;68m[48;2;5;37;68m▀[38;2;4;36;67m[48;2;5;37;67m▀[38;2;5;37;67m[48;2;5;37;67m▀[38;2;5;37;67m[48;2;5;37;68m▀[38;2;4;36;67m[48;2;4;36;67m▀[38;2;5;36;67m[48;2;4;37;67m▀[38;2;5;36;66m[48;2;5;36;67m▀[38;2;4;36;67m[48;2;5;37;67m▀[38;2;3;36;70m[48;2;5;37;66m▀[38;2;6;37;69m[48;2;4;36;67m▀[38;2;11;34;56m[48;2;3;38;71m▀[38;2;5;37;69m▄[38;2;9;34;58m▄[38;2;22;9;2m[48;2;15;29;41m▀[38;2;19;32;38m▀[38;2;12;77;107m[48;2;22;9;2m▀[38;2;5;133;194m▀[38;2;0;170;249m[48;2;16;50;66m▀[38;2;0;180;255m[48;2;12;99;137m▀[38;2;2;73;124m[48;2;5;118;179m▀[38;2;4;33;62m[48;2;3;41;76m▀[38;2;5;39;70m[48;2;4;35;66m▀[38;2;6;37;66m[48;2;5;36;67m▀[38;2;6;37;70m[48;2;5;34;66m▀[38;2;17;27;38m[48;2;8;33;61m▀      [0m
   [38;2;14;30;47m▄[38;2;9;34;60m[48;2;4;37;71m▀[38;2;5;38;70m[48;2;6;37;66m▀[38;2;6;37;66m[48;2;6;38;67m▀[38;2;6;37;68m[48;2;6;38;67m▀[38;2;6;37;67m[48;2;5;37;67m▀[38;2;6;37;67m[48;2;5;37;67m▀[38;2;4;39;72m[48;2;5;38;71m▀[38;2;14;28;42m[48;2;16;27;39m▀   [38;2;16;26;37m[48;2;16;27;38m▀[38;2;5;37;70m[48;2;5;37;71m▀[38;2;6;37;66m[48;2;6;37;65m▀[38;2;5;38;67m[48;2;5;37;65m▀[38;2;5;38;69m[48;2;5;36;66m▀[38;2;5;38;69m[48;2;6;37;67m▀[38;2;7;40;71m[48;2;2;34;64m▀[38;2;13;45;74m[48;2;0;25;57m▀[38;2;0;27;58m[48;2;42;68;95m▀[38;2;0;8;39m[48;2;162;173;185m▀[38;2;105;121;138m[48;2;238;240;242m▀[38;2;244;245;247m[48;2;255;255;255m▀[38;2;239;241;242m[48;2;255;255;255m▀[38;2;255;255;255m[48;2;187;195;203m▀[38;2;86;112;136m[48;2;30;55;81m▀[38;2;0;27;63m[48;2;4;30;58m▀[38;2;9;41;72m[48;2;10;38;66m▀[38;2;5;37;67m[48;2;8;39;67m▀[38;2;5;36;66m[48;2;8;39;68m▀[38;2;5;36;66m[48;2;9;39;68m▀[38;2;5;37;67m[48;2;9;38;67m▀[38;2;6;37;68m[48;2;8;38;66m▀[38;2;5;37;68m[48;2;8;37;66m▀[38;2;5;37;68m[48;2;8;37;66m▀[38;2;6;37;68m[48;2;7;37;67m▀[38;2;5;37;67m[48;2;5;37;67m▀[38;2;5;37;67m[48;2;5;37;68m▀[38;2;5;37;67m[48;2;5;36;67m▀[38;2;5;37;67m[48;2;5;37;68m▀[38;2;5;37;67m[48;2;5;37;68m▀[38;2;4;37;67m[48;2;5;37;68m▀[38;2;4;36;67m[48;2;5;37;67m▀[38;2;5;36;68m[48;2;4;36;67m▀[38;2;5;37;67m[48;2;4;36;67m▀[38;2;4;37;67m[48;2;4;37;68m▀[38;2;5;37;67m[48;2;5;37;68m▀[38;2;4;36;66m[48;2;5;37;68m▀[38;2;4;37;67m[48;2;5;37;67m▀[38;2;4;38;70m[48;2;5;37;67m▀[38;2;4;38;72m[48;2;5;37;67m▀[38;2;7;36;65m[48;2;4;37;69m▀[38;2;13;32;49m[48;2;4;38;71m▀[38;2;6;35;63m▄[38;2;11;30;50m▄[38;2;22;8;1m▀ [38;2;17;28;36m▀[38;2;12;28;44m▀[38;2;7;35;65m▀[38;2;5;37;70m[48;2;15;28;40m▀[38;2;5;38;72m[48;2;11;35;60m▀[38;2;13;33;54m[48;2;8;40;73m▀[38;2;16;29;42m▄    [0m
  [38;2;13;34;55m▄[38;2;6;38;72m[48;2;9;37;66m▀[38;2;5;36;70m[48;2;9;36;62m▀[38;2;5;37;70m[48;2;8;35;63m▀[38;2;5;38;69m[48;2;8;36;63m▀[38;2;5;38;69m[48;2;8;36;63m▀[38;2;5;37;69m[48;2;8;35;63m▀[38;2;5;37;69m[48;2;8;35;62m▀[38;2;4;39;73m[48;2;8;36;65m▀[38;2;15;27;39m[48;2;16;26;37m▀    [38;2;6;38;70m[48;2;7;38;68m▀[38;2;6;37;66m[48;2;6;38;67m▀[38;2;5;36;65m[48;2;7;38;68m▀[38;2;6;36;65m[48;2;6;40;71m▀[38;2;5;33;61m[48;2;7;39;69m▀[38;2;21;46;73m[48;2;188;195;203m▀[38;2;127;141;156m[48;2;255;255;255m▀[38;2;235;236;238m[48;2;255;255;255m▀[38;2;255;255;255m[48;2;234;235;237m▀[38;2;255;255;255m[48;2;126;139;153m▀[38;2;217;221;226m[48;2;16;42;69m▀[38;2;95;116;138m[48;2;0;24;56m▀[38;2;3;36;71m[48;2;8;40;71m▀[38;2;1;34;65m[48;2;4;39;76m▀[38;2;2;36;68m[48;2;38;55;67m▀[38;2;0;28;67m[48;2;161;111;40m▀[38;2;0;29;66m[48;2;161;108;35m▀[38;2;0;29;67m[48;2;160;106;30m▀[38;2;0;29;68m[48;2;161;108;30m▀[38;2;0;29;68m[48;2;163;109;32m▀[38;2;0;30;69m[48;2;165;112;35m▀[38;2;0;30;67m[48;2;163;113;41m▀[38;2;0;29;67m[48;2;167;116;40m▀[38;2;0;33;66m[48;2;62;64;56m▀[38;2;6;37;67m[48;2;1;33;69m▀[38;2;5;37;67m[48;2;7;38;67m▀[38;2;6;37;67m[48;2;5;37;68m▀[38;2;5;37;67m[48;2;6;36;67m▀[38;2;5;36;68m[48;2;5;36;67m▀[38;2;5;37;67m[48;2;5;37;67m▀[38;2;5;37;67m[48;2;4;37;67m▀[38;2;5;37;67m[48;2;5;37;67m▀[38;2;5;37;67m[48;2;5;37;68m▀[38;2;5;37;68m[48;2;4;37;67m▀[38;2;5;37;68m[48;2;5;37;68m▀[38;2;5;37;67m[48;2;5;37;67m▀[38;2;5;37;68m[48;2;5;37;68m▀[38;2;5;37;68m[48;2;5;37;67m▀[38;2;5;37;68m[48;2;5;37;67m▀[38;2;5;36;66m[48;2;5;37;68m▀[38;2;5;36;65m[48;2;5;37;67m▀[38;2;5;37;67m[48;2;5;37;67m▀[38;2;4;37;70m[48;2;5;36;66m▀[38;2;6;37;68m[48;2;5;37;66m▀[38;2;9;32;56m[48;2;5;37;70m▀[38;2;5;37;69m▄[38;2;10;32;55m▄    [38;2;14;31;48m▀    [0m
                [38;2;11;34;57m▀[38;2;5;38;70m[48;2;6;39;71m▀[38;2;7;38;67m[48;2;6;37;67m▀[38;2;5;38;70m[48;2;6;35;63m▀[38;2;11;43;73m[48;2;5;32;59m▀[38;2;228;230;234m[48;2;122;136;152m▀[38;2;254;254;254m[48;2;72;94;115m▀[38;2;161;172;183m[48;2;0;22;52m▀[38;2;40;67;95m[48;2;0;30;60m▀[38;2;0;24;57m[48;2;9;41;70m▀[38;2;4;36;66m[48;2;7;37;67m▀[38;2;9;41;70m[48;2;5;37;67m▀[38;2;9;40;67m[48;2;7;38;67m▀[38;2;0;31;71m[48;2;2;34;69m▀[38;2;79;72;53m[48;2;39;55;61m▀[38;2;255;170;7m[48;2;159;113;35m▀[38;2;255;165;12m[48;2;157;112;38m▀[38;2;255;167;11m[48;2;157;111;35m▀[38;2;255;168;11m[48;2;157;109;33m▀[38;2;255;167;10m[48;2;157;109;33m▀[38;2;255;164;9m[48;2;157;108;34m▀[38;2;255;160;10m[48;2;155;107;35m▀[38;2;255;169;9m[48;2;161;109;34m▀[38;2;117;86;44m[48;2;57;59;56m▀[38;2;0;29;70m[48;2;1;32;66m▀[38;2;10;39;67m[48;2;8;37;65m▀[38;2;5;37;67m[48;2;6;36;66m▀[38;2;6;37;67m[48;2;5;37;67m▀[38;2;5;37;67m[48;2;5;37;68m▀[38;2;5;37;68m[48;2;5;37;68m▀[38;2;5;37;68m[48;2;5;37;68m▀[38;2;5;38;68m[48;2;5;37;68m▀[38;2;5;38;69m[48;2;5;37;68m▀[38;2;5;37;67m[48;2;5;38;68m▀[38;2;5;37;68m[48;2;5;37;68m▀[38;2;5;37;67m[48;2;5;37;67m▀[38;2;5;37;67m[48;2;5;37;67m▀[38;2;5;37;67m[48;2;5;37;67m▀[38;2;5;37;67m[48;2;5;36;67m▀[38;2;5;37;67m[48;2;5;37;67m▀[38;2;6;37;67m[48;2;6;37;67m▀[38;2;5;37;67m[48;2;5;36;67m▀[38;2;5;36;67m[48;2;5;36;66m▀[38;2;5;37;66m[48;2;5;36;67m▀[38;2;5;36;65m[48;2;5;36;66m▀[38;2;5;36;65m[48;2;5;36;66m▀[38;2;4;36;68m[48;2;5;36;65m▀[38;2;5;34;66m[48;2;5;36;65m▀[38;2;12;29;48m[48;2;4;36;68m▀[38;2;7;33;59m▄      [0m
                 [38;2;13;31;49m▀[38;2;5;39;74m[48;2;13;31;50m▀[38;2;6;38;68m[48;2;6;37;72m▀[38;2;7;38;68m[48;2;4;38;71m▀[38;2;0;26;58m[48;2;8;40;71m▀[38;2;0;27;59m[48;2;8;40;70m▀[38;2;9;39;68m[48;2;6;37;68m▀[38;2;7;38;67m[48;2;6;38;68m▀[38;2;5;36;66m[48;2;6;38;68m▀[38;2;5;36;66m[48;2;5;37;67m▀[38;2;5;36;67m[48;2;5;37;67m▀[38;2;5;37;66m[48;2;5;37;67m▀[38;2;6;37;66m[48;2;5;37;67m▀[38;2;1;35;68m[48;2;6;37;67m▀[38;2;0;31;70m[48;2;9;38;66m▀[38;2;0;32;70m[48;2;8;38;65m▀[38;2;0;32;71m[48;2;9;39;67m▀[38;2;0;31;69m[48;2;9;39;67m▀[38;2;0;30;68m[48;2;8;39;67m▀[38;2;0;30;68m[48;2;9;39;68m▀[38;2;0;30;68m[48;2;8;39;67m▀[38;2;0;30;69m[48;2;8;38;67m▀[38;2;0;35;69m[48;2;6;37;66m▀[38;2;6;37;66m[48;2;6;37;67m▀[38;2;5;36;66m[48;2;6;37;67m▀[38;2;5;36;66m[48;2;5;36;67m▀[38;2;5;36;66m[48;2;5;36;67m▀[38;2;5;37;67m[48;2;5;37;68m▀[38;2;6;37;67m[48;2;5;37;67m▀[38;2;5;37;67m[48;2;5;37;68m▀[38;2;5;37;67m[48;2;5;37;69m▀[38;2;5;37;67m[48;2;5;38;68m▀[38;2;6;38;68m[48;2;5;38;68m▀[38;2;5;37;68m[48;2;5;38;69m▀[38;2;5;37;68m[48;2;5;37;69m▀[38;2;5;37;67m[48;2;5;37;69m▀[38;2;5;37;67m[48;2;5;37;68m▀[38;2;5;37;67m[48;2;5;37;69m▀[38;2;6;37;67m[48;2;5;37;68m▀[38;2;5;37;67m[48;2;5;37;68m▀[38;2;5;37;67m[48;2;5;37;68m▀[38;2;5;36;66m[48;2;5;37;67m▀[38;2;5;36;66m[48;2;5;37;66m▀[38;2;5;36;66m[48;2;5;36;66m▀[38;2;5;36;66m[48;2;4;36;66m▀[38;2;5;37;66m[48;2;4;36;66m▀[38;2;5;36;65m[48;2;5;36;66m▀[38;2;5;35;63m[48;2;5;36;67m▀[38;2;4;36;65m[48;2;5;37;66m▀[38;2;6;35;63m[48;2;4;37;70m▀[38;2;8;36;66m▄    [0m
                    [38;2;11;31;52m▀[38;2;8;34;62m▀[38;2;7;36;65m▀[38;2;7;37;65m▀[38;2;6;37;66m▀[38;2;6;37;67m▀[38;2;6;37;67m▀[38;2;7;37;67m▀[38;2;7;38;68m▀[38;2;7;38;68m▀[38;2;7;38;68m▀[38;2;7;37;66m▀[38;2;6;37;66m▀[38;2;6;37;66m▀[38;2;7;37;67m▀[38;2;7;37;66m▀[38;2;6;37;66m▀[38;2;7;37;66m▀[38;2;6;36;66m▀[38;2;6;37;67m▀[38;2;6;37;67m▀[38;2;6;37;67m▀[38;2;6;37;67m▀[38;2;6;37;67m▀[38;2;6;37;67m▀[38;2;6;37;67m▀[38;2;6;38;68m▀[38;2;6;38;69m▀[38;2;6;38;69m▀[38;2;6;38;69m▀[38;2;6;38;69m▀[38;2;5;38;68m▀[38;2;5;37;68m▀[38;2;5;37;67m▀[38;2;5;36;67m▀[38;2;6;37;67m▀[38;2;6;37;67m▀[38;2;6;37;68m▀[38;2;5;36;67m▀[38;2;5;37;67m▀[38;2;5;37;68m▀[38;2;5;37;68m▀[38;2;5;37;67m▀[38;2;6;36;66m▀[38;2;6;37;66m▀[38;2;6;37;66m▀[38;2;6;35;65m▀[38;2;6;36;68m▀[38;2;14;31;49m▀   [0m
                                                                        [0m
                                                                        [0m
                                                                        [0m
                                                                        [0m
             [38;2;14;27;43m▄[38;2;4;38;75m▄[38;2;12;30;50m▄          [38;2;15;26;38m[48;2;5;39;76m▀[38;2;9;35;63m▄             [38;2;9;33;55m▄[38;2;15;25;37m[48;2;4;38;75m▀[38;2;15;26;37m▄      [38;2;15;59;81m▄[38;2;6;127;188m▄[38;2;18;33;40m[48;2;1;155;233m▀[38;2;18;39;48m[48;2;0;163;246m▀[38;2;18;35;43m[48;2;1;158;236m▀[38;2;5;134;200m▄[38;2;14;71;99m▄  [38;2;16;55;74m▄[38;2;6;132;195m▄[38;2;19;34;41m[48;2;2;156;233m▀[38;2;18;37;45m[48;2;2;160;242m▀[38;2;18;35;43m[48;2;1;156;236m▀[38;2;2;153;227m▄[38;2;14;75;106m▄      [0m
       [38;2;16;26;38m▄[38;2;14;27;40m▄[38;2;14;27;41m▄[38;2;16;27;39m▄  [38;2;14;27;42m[48;2;14;27;42m▀[38;2;4;37;73m[48;2;4;37;73m▀[38;2;12;30;51m[48;2;12;31;52m▀  [38;2;16;26;37m▄ [38;2;15;26;39m▄[38;2;15;27;40m▄[38;2;16;26;37m▄  [38;2;16;26;37m▄[38;2;5;38;74m[48;2;5;37;73m▀[38;2;9;33;60m[48;2;8;34;63m▀[38;2;16;26;38m▄[38;2;15;27;41m▄[38;2;15;27;39m▄     [38;2;15;27;39m▄[38;2;14;27;40m▄   [38;2;10;32;54m[48;2;10;32;55m▀[38;2;4;39;75m[48;2;4;38;74m▀[38;2;14;28;43m▄[38;2;15;25;37m▄[38;2;13;29;45m▄[38;2;16;26;37m▄  [38;2;16;59;80m[48;2;7;119;174m▀[38;2;1;172;251m[48;2;1;181;255m▀[38;2;0;177;255m[48;2;6;135;197m▀[38;2;1;158;239m[48;2;18;37;45m▀[38;2;4;139;209m▀[38;2;2;158;236m[48;2;19;36;44m▀[38;2;0;174;255m[48;2;5;128;192m▀[38;2;0;173;255m[48;2;0;175;255m▀[38;2;15;62;85m[48;2;8;113;168m▀[38;2;19;30;35m[48;2;15;62;84m▀[38;2;1;158;238m[48;2;0;173;255m▀[38;2;0;174;255m[48;2;3;146;219m▀[38;2;1;160;240m[48;2;18;38;47m▀[38;2;4;148;221m▀[38;2;2;151;226m[48;2;19;33;39m▀[38;2;1;172;254m[48;2;18;41;52m▀[38;2;12;86;123m▀      [0m
      [38;2;12;33;55m▀[38;2;3;39;76m▀[38;2;4;36;71m▀[38;2;4;37;72m▀[38;2;5;37;72m[48;2;9;33;59m▀[38;2;9;36;65m[48;2;5;37;75m▀[38;2;15;28;42m▄[38;2;14;26;40m[48;2;14;26;40m▀[38;2;4;36;72m[48;2;4;37;75m▀[38;2;12;30;51m[48;2;12;31;52m▀ [38;2;13;30;47m[48;2;12;30;47m▀[38;2;4;38;75m[48;2;4;38;71m▀[38;2;4;36;70m[48;2;8;32;57m▀[38;2;4;37;72m[48;2;16;26;37m▀[38;2;4;37;73m[48;2;15;26;39m▀[38;2;6;38;72m[48;2;9;34;60m▀[38;2;9;35;64m[48;2;5;37;74m▀[38;2;12;30;50m▄ [38;2;4;36;72m[48;2;4;37;72m▀[38;2;5;35;69m[48;2;6;34;64m▀[38;2;4;38;75m[48;2;14;27;42m▀[38;2;4;37;75m[48;2;15;26;38m▀[38;2;4;37;73m[48;2;10;32;57m▀[38;2;7;37;69m[48;2;4;36;72m▀[38;2;9;34;61m▄ [38;2;10;32;55m▀[38;2;4;39;76m▀[38;2;4;38;72m▀[38;2;4;39;74m[48;2;15;26;37m▀[38;2;4;38;72m[48;2;6;33;64m▀[38;2;10;32;55m[48;2;5;36;71m▀ [38;2;10;32;54m[48;2;11;32;53m▀[38;2;5;36;70m[48;2;5;38;72m▀[38;2;5;38;70m[48;2;10;34;57m▀[38;2;3;39;76m▀[38;2;3;38;74m[48;2;13;30;46m▀[38;2;4;38;73m[48;2;6;37;69m▀[38;2;11;33;55m[48;2;7;37;71m▀[38;2;17;36;48m▄[38;2;3;139;208m[48;2;3;147;219m▀[38;2;0;172;254m[48;2;0;171;255m▀[38;2;13;72;100m[48;2;15;63;86m▀[38;2;22;7;0m▀ [38;2;21;8;0m▀[38;2;14;67;94m[48;2;15;58;79m▀[38;2;0;172;255m[48;2;0;171;255m▀[38;2;4;133;201m[48;2;2;146;220m▀[38;2;13;73;102m[48;2;17;47;61m▀[38;2;0;171;253m[48;2;2;155;233m▀[38;2;2;151;226m[48;2;0;175;255m▀[38;2;16;51;68m[48;2;1;165;248m▀[38;2;4;140;207m▄[38;2;22;10;5m[48;2;9;106;154m▀[38;2;21;10;4m[48;2;16;56;76m▀       [0m
      [38;2;10;34;59m▄[38;2;5;38;71m▄[38;2;6;38;72m▄[38;2;7;38;70m▄[38;2;10;32;54m[48;2;5;35;66m▀[38;2;4;37;73m[48;2;4;36;70m▀[38;2;14;28;44m[48;2;14;28;42m▀[38;2;14;27;41m[48;2;15;28;41m▀[38;2;4;38;76m[48;2;4;38;75m▀[38;2;11;31;52m[48;2;11;30;51m▀ [38;2;12;30;47m[48;2;12;29;47m▀[38;2;3;39;73m[48;2;3;38;73m▀[38;2;12;29;47m[48;2;12;30;49m▀  [38;2;15;27;38m▀[38;2;5;37;73m[48;2;5;37;73m▀[38;2;10;33;59m[48;2;9;34;60m▀[38;2;16;27;39m[48;2;15;27;40m▀[38;2;5;37;72m[48;2;4;37;71m▀[38;2;8;33;59m[48;2;8;33;58m▀   [38;2;5;36;70m[48;2;6;35;67m▀[38;2;7;36;67m[48;2;7;34;66m▀ [38;2;9;34;61m▄[38;2;5;38;73m▄[38;2;6;39;72m▄[38;2;6;38;71m▄[38;2;8;33;61m[48;2;6;36;69m▀[38;2;4;37;73m[48;2;5;37;72m▀[38;2;15;26;37m▄[38;2;11;32;54m[48;2;10;32;54m▀[38;2;5;40;76m[48;2;5;39;75m▀[38;2;17;27;37m[48;2;16;27;37m▀  [38;2;7;35;63m[48;2;7;37;66m▀[38;2;5;35;69m[48;2;4;37;71m▀[38;2;15;37;53m[48;2;15;36;51m▀[38;2;3;148;220m[48;2;3;145;216m▀[38;2;0;173;255m[48;2;0;175;255m▀[38;2;15;63;86m[48;2;15;66;89m▀   [38;2;15;59;80m[48;2;15;63;88m▀[38;2;0;170;255m[48;2;0;170;255m▀[38;2;2;152;228m[48;2;3;149;222m▀[38;2;19;32;37m▄[38;2;16;56;75m▀[38;2;5;140;203m▀[38;2;1;164;244m[48;2;17;46;58m▀[38;2;0;176;255m[48;2;14;71;98m▀[38;2;0;178;255m[48;2;6;137;201m▀[38;2;1;171;255m[48;2;0;173;255m▀[38;2;14;75;105m[48;2;5;135;203m▀      [0m
     [38;2;16;27;38m[48;2;15;27;40m▀[38;2;5;39;74m[48;2;5;39;73m▀[38;2;10;35;60m[48;2;11;35;61m▀  [38;2;12;31;50m[48;2;12;32;53m▀[38;2;4;38;76m[48;2;5;38;75m▀[38;2;14;28;42m[48;2;14;28;42m▀[38;2;15;28;40m[48;2;15;27;41m▀[38;2;5;39;75m[48;2;4;37;74m▀[38;2;12;30;49m[48;2;10;33;59m▀ [38;2;12;29;46m[48;2;13;29;46m▀[38;2;4;38;73m[48;2;5;39;72m▀[38;2;12;29;47m[48;2;9;33;57m▀[38;2;15;25;37m▄[38;2;14;27;40m▄[38;2;15;27;39m[48;2;8;33;61m▀[38;2;4;37;74m[48;2;4;37;74m▀[38;2;10;32;58m[48;2;12;29;48m▀[38;2;15;27;38m▀[38;2;5;37;73m[48;2;5;37;73m▀[38;2;8;32;58m[48;2;7;35;65m▀[38;2;15;27;40m▄[38;2;15;26;37m▄[38;2;10;32;56m▄[38;2;5;36;70m[48;2;4;37;73m▀[38;2;8;34;62m[48;2;10;33;57m▀[38;2;13;31;48m[48;2;13;29;46m▀[38;2;5;39;76m[48;2;4;37;75m▀[38;2;10;33;58m[48;2;10;31;54m▀  [38;2;9;32;58m[48;2;8;34;61m▀[38;2;5;37;72m[48;2;5;37;74m▀ [38;2;10;32;54m[48;2;11;32;53m▀[38;2;5;39;76m[48;2;6;40;75m▀[38;2;16;27;37m[48;2;16;27;37m▀  [38;2;7;37;66m[48;2;7;37;64m▀[38;2;4;40;74m[48;2;5;43;79m▀[38;2;16;28;39m▀[38;2;5;135;198m[48;2;11;94;134m▀[38;2;0;181;253m[48;2;0;181;255m▀[38;2;11;95;135m[48;2;2;156;231m▀[38;2;22;3;0m[48;2;11;94;135m▀[38;2;13;72;103m▄[38;2;22;4;0m[48;2;12;92;131m▀[38;2;10;95;137m[48;2;2;154;230m▀[38;2;0;176;253m[48;2;0;181;255m▀[38;2;4;139;205m[48;2;11;98;139m▀[38;2;19;30;36m▄[38;2;9;102;150m▄[38;2;12;86;122m▄[38;2;22;8;1m[48;2;12;79;112m▀[38;2;23;0;0m[48;2;13;80;113m▀[38;2;16;65;89m[48;2;7;130;190m▀[38;2;0;175;254m[48;2;0;175;255m▀[38;2;3;144;219m[48;2;4;140;209m▀      [0m
      [38;2;8;36;64m▀[38;2;6;39;75m[48;2;15;29;44m▀[38;2;6;40;75m[48;2;12;31;50m▀[38;2;6;39;71m[48;2;13;31;49m▀[38;2;6;38;71m[48;2;15;29;44m▀[38;2;4;39;75m[48;2;13;30;46m▀[38;2;13;29;46m▀ [38;2;6;38;72m▀[38;2;4;39;77m[48;2;13;30;48m▀[38;2;11;31;51m▀[38;2;13;29;45m[48;2;13;28;45m▀[38;2;5;39;72m[48;2;4;38;73m▀[38;2;5;37;69m[48;2;10;32;55m▀[38;2;3;37;74m[48;2;14;28;42m▀[38;2;3;38;73m[48;2;13;29;46m▀[38;2;4;36;71m[48;2;15;27;39m▀[38;2;8;35;63m▀  [38;2;4;38;75m[48;2;15;27;40m▀[38;2;5;39;72m[48;2;14;29;43m▀[38;2;4;39;75m[48;2;13;30;46m▀[38;2;3;37;74m[48;2;12;29;45m▀[38;2;4;37;74m[48;2;14;27;42m▀[38;2;7;36;68m▀  [38;2;6;37;69m▀[38;2;4;36;73m[48;2;12;30;47m▀[38;2;5;38;71m[48;2;11;32;52m▀[38;2;4;37;72m[48;2;13;30;47m▀[38;2;4;37;73m[48;2;13;28;42m▀[38;2;4;39;76m[48;2;13;29;45m▀[38;2;15;26;37m▀[38;2;10;33;56m▀[38;2;5;43;81m[48;2;13;30;47m▀[38;2;16;27;38m▀  [38;2;6;37;66m[48;2;13;30;45m▀[38;2;3;40;76m[48;2;12;33;52m▀  [38;2;7;133;192m▀[38;2;0;180;255m[48;2;14;73;100m▀[38;2;0;182;255m[48;2;9;108;157m▀[38;2;0;178;255m[48;2;8;113;165m▀[38;2;0;179;255m[48;2;9;105;152m▀[38;2;0;174;255m[48;2;13;72;101m▀[38;2;6;134;197m▀ [38;2;16;55;74m[48;2;19;31;36m▀[38;2;0;182;255m[48;2;13;72;101m▀[38;2;0;180;255m[48;2;11;95;136m▀[38;2;0;179;255m[48;2;10;108;155m▀[38;2;0;180;255m[48;2;9;109;157m▀[38;2;0;178;255m[48;2;11;96;140m▀[38;2;1;172;255m[48;2;16;54;73m▀[38;2;14;78;109m▀      [0m
                 [38;2;12;29;46m[48;2;14;28;43m▀[38;2;3;38;75m[48;2;5;36;70m▀[38;2;12;30;49m[48;2;12;29;46m▀                                        [38;2;21;10;5m▀  [38;2;21;10;4m▀        [0m
                                                                        [0m
                                                                        [0m
                                                                        [0m
                                                                        [0m
                                                                        [0m
